711
87
100
153
654
656
64
283
457
939
690
670
903
749
501
299
822
511
189
618
654
677
854
675
881
518
60
609
552
216
20
74
273
926
736
782
329
688
527
55
928
837
269
146
661
985
691
430
944
571
665
806
23
606
234
252
671
886
209
30
67
494
230
659
139
61
424
886
217
424
837
753
623
968
463
309
650
558
758
970
444
594
272
138
200
63
167
290
650
261
157
530
500
563
209
972
318
512
847
316
204
511
370
46
82
728
771
829
71
585
873
280
795
988
67
402
972
440
898
159
212
571
134
984
834
687
974
877
546
80
83
174
105
367
350
134
13
687
809
804
209
439
777
406
398
68
805
518
715
449
27
317
304
754
667
899
412
183
268
502
807
935
41
684
193
174
71
771
485
703
319
636
796
196
725
807
601
333
498
716
155
786
959
641
256
565
992
891
495
393
759
71
883
537
983
348
37
500
157
103
463
869
379
915
220
720
783
595
549
660
85
634
444
104
763
151
624
938
194
404
932
974
491
767
62
999
309
174
436
693
13
582
69
664
854
947
207
832
511
573
285
666
433
655
185
222
452
919
340
581
640
981
585
74
211
490
599
944
459
30
751
620
348
784
776
484
665
774
728
353
806
188
459
659
906
469
581
763
89
219
813
667
369
874
253
1
123
333
138
918
924
66
28
203
127
847
363
458
955
7
348
97
658
183
248
122
997
896
925
7
284
836
969
128
603
231
220
10
445
956
355
910
980
734
244
419
595
778
840
948
546
787
759
668
371
271
385
924
553
888
147
243
195
563
217
451
327
475
123
477
594
897
232
908
789
450
592
583
361
424
459
784
627
602
502
2
747
957
482
96
210
53
786
560
626
497
833
808
185
917
410
595
223
244
25
278
908
407
230
308
398
591
360
403
653
235
173
941
567
60
669
486
440
843
376
303
626
159
329
225
841
594
587
534
157
449
743
892
595
810
676
405
916
206
38
886
550
463
800
633
45
574
167
17
830
411
478
560
82
414
283
780
695
626
418
549
372
276
243
256
881
290
790
242
835
247
272
192
143
487
97
455
872
446
822
684
483
715
565
195
159
163
480
722
650
882
974
820
671
730
999
621
675
724
559
938
999
941
235
155
211
429
556
990
31
252
503
709
985
231
311
306
515
506
588
753
652
2
903
693
712
73
646
364
246
954
761
344
57
607
149
637
990
685
513
953
274
93
368
441
99
353
680
928
269
924
723
366
544
204
33
372
983
415
534
526
873
579
791
259
185
868
62
939
9
661
496
518
454
251
634
724
997
574
986
603
356
669
634
694
761
426
158
622
180
900
265
670
925
3
565
477
955
699
36
549
265
220
883
586
627
347
556
961
384
573
698
707
266
560
603
981
677
399
702
643
320
922
83
95
5
395
288
212
962
928
708
404
912
295
256
807
739
639
642
68
969
906
83
819
540
427
884
237
605
861
648
691
75
573
408
657
563
225
118
695
716
554
814
489
46
488
580
534
219
755
739
878
309
466
596
109
424
169
677
979
246
555
332
744
217
547
489
841
762
486
432
682
534
761
708
269
569
845
690
389
156
404
75
706
473
711
1
540
938
357
131
74
288
761
752
59
778
754
883
691
28
854
563
513
412
150
892
301
836
67
663
926
545
632
620
915
859
13
681
682
404
86
947
699
185
384
488
885
86
391
709
498
214
526
765
843
263
541
679
635
245
767
56
4
705
950
171
638
595
921
86
45
259
45
276
220
754
158
163
774
990
90
190
609
566
17
43
625
964
732
519
624
645
338
622
118
601
964
390
147
125
988
287
624
54
309
716
322
520
473
420
448
305
542
654
282
644
504
200
99
416
701
835
137
243
829
594
827
991
83
783
310
389
468
763
841
776
765
959
13
827
862
454
600
554
355
94
782
91
482
975
972
675
998
503
953
181
17
80
139
912
886
898
482
430
75
486
282
291
465
885
522
958
877
581
768
523
206
105
100
881
891
211
468
878
275
683
662
80
137
748
270
197
776
561
82
988
158
780
383
634
528
290
878
425
235
959
52
918
597
351
189
210
740
867
186
146
871
218
816
714
908
204
299
563
843
654
929
76
527
606
995
792
126
440
780
302
555
164
351
853
737
167
288
443
514
495
905
318
577
687
928
449
570
905
887
854
337
22
154
864
80
806
510
838
281
445
17
243
292
984
236
834
517
537
246
851
267
81
999
696
98
784
803
172
868
279
160
709
601
145
60
274
299
526
163
638
769
189
124
333
251
34
341
589
226
149
692
938
497
777
915
966
626
996
595
444
645
946
707
487
620
572
84
627
106
965
900
82
891
597
501
779
514
214
538
21
277
590
687
545
41
870
99
519
938
487
740
568
219
512
300
743
962
124
335
465
809
927
389
647
203
187
790
933
342
579
272
638
233
741
672
949
440
242
574
9
232
440
874
663
578
440
935
163
817
627
216
111
180
846
392
729
769
841
996
760
291
64
808
982
13
992
889
894
287
756
166
421
312
415
302
56
205
951
775
323
948
494
1
630
863
582
197
297
103
135
515
864
393
479
964
868
137
443
423
853
680
443
143
219
277
158
187
778
908
274
158
27
763
835
431
70
811
742
546
389
322
49
141
51
859
476
108
542
975
46
598
549
743
432
69
135
121
681
963
438
495
603
858
225
540
472
259
975
484
269
779
239
986
654
420
403
52
391
823
806
778
344
234
999
396
752
984
264
400
223
843
661
288
164
400
966
265
601
727
713
902
200
163
822
231
312
108
871
205
632
459
72
151
51
220
619
326
490
176
653
591
634
464
471
824
613
258
504
631
579
25
584
369
488
452
885
104
54
333
856
133
735
63
611
591
13
853
188
183
844
276
883
374
503
494
745
278
289
634
213
305
560
97
544
65
75
569
872
79
933
84
239
484
80
807
669
832
820
623
605
868
465
313
443
239
745
867
263
469
3
317
708
283
912
768
871
679
711
296
401
983
742
719
833
223
754
352
248
679
180
490
372
589
664
289
20
223
294
398
520
949
987
394
979
982
844
350
421
985
615
949
637
125
814
440
3
157
914
415
679
976
417
441
398
666
597
350
33
412
569
164
632
208
487
844
733
683
495
508
154
498
824
840
192
444
156
247
604
996
824
753
186
391
689
967
317
791
188
775
513
174
158
323
310
58
729
158
348
828
315
495
638
743
211
37
284
280
828
388
161
113
677
753
945
318
644
954
507
809
352
595
899
154
10
612
104
117
153
677
6
450
742
751
456
491
47
486
102
332
560
966
501
173
600
328
340
166
437
125
27
585
898
733
449
517
362
174
905
9
674
728
244
63
847
517
971
180
338
665
830
745
597
990
208
589
676
272
648
475
619
915
958
380
901
102
268
907
252
814
550
973
22
915
431
906
530
688
186
18
850
418
445
139
81
288
867
552
481
71
539
972
820
99
84
918
116
392
754
932
145
390
883
656
42
729
776
584
860
408
711
984
250
214
923
54
930
63
469
984
30
313
719
939
820
980
581
623
958
310
737
156
541
841
572
535
187
446
574
335
911
970
316
683
728
844
481
846
852
582
395
11
723
811
395
338
32
486
876
864
253
408
652
616
551
787
908
617
741
79
928
250
545
437
67
102
354
213
967
597
996
175
276
322
475
701
400
209
724
503
205
469
399
861
236
374
773
40
414
396
929
1000
965
843
887
750
342
442
670
922
595
314
384
884
515
287
10
229
876
471
338
404
214
471
753
665
376
914
60
701
259
139
380
748
639
931
559
573
497
951
285
137
667
352
308
978
349
131
155
463
875
757
448
813
369
47
348
896
456
723
315
334
134
656
233
523
25
252
860
42
719
977
515
489
434
598
691
223
651
202
971
710
694
916
209
298
426
184
779
247
479
559
520
399
563
49
88
788
403
417
191
486
85
847
515
199
117
958
516
487
515
31
841
574
245
974
138
302
127
323
583
201
200
719
743
367
541
691
814
967
44
830
494
234
671
78
461
919
243
802
965
597
469
740
343
955
759
484
318
432
206
452
781
214
509
564
936
7
491
605
86
845
866
137
897
52
384
720
331
92
825
842
150
176
669
220
305
10
43
360
726
347
757
287
691
579
142
816
404
546
714
90
650
329
459
165
683
317
554
266
802
282
218
977
94
629
932
852
947
491
57
85
911
496
202
855
609
773
372
201
912
784
775
405
937
469
448
9
82
914
840
821
904
803
772
823
975
557
519
448
799
899
564
451
923
39
599
314
384
609
398
538
57
876
580
521
185
88
545
679
747
564
40
316
123
343
9
949
92
296
402
665
525
719
643
438
961
670
291
472
411
473
824
320
241
865
767
133
301
356
900
749
616
998
941
569
677
981
741
163
729
803
706
969
273
390
683
810
731
399
603
174
368
772
359
343
494
124
732
945
815
302
687
53
938
304
546
383
557
720
825
939
675
208
855
949
404
813
357
985
881
792
861
893
422
891
28
627
358
900
85
899
473
524
501
505
157
194
12
820
41
193
867
500
262
879
543
620
712
767
700
97
77
580
840
636
341
544
132
875
406
157
548
721
310
932
783
468
265
624
30
538
578
370
183
434
572
308
106
169
120
8
53
717
427
47
701
937
648
261
289
943
156
876
238
70
162
906
40
475
157
927
950
410
911
716
972
921
375
130
70
278
271
202
980
979
255
918
319
768
691
759
750
795
253
366
850
369
538
404
822
8
382
620
481
414
201
70
479
385
624
994
997
523
146
425
383
104
884
350
276
938
858
581
382
671
55
464
778
168
207
418
558
435
545
649
898
597
958
560
487
439
939
761
847
410
482
452
576
251
65
116
996
769
26
774
928
574
100
906
357
15
59
260
346
184
167
649
832
123
209
392
908
190
928
354
529
942
268
214
978
982
666
824
307
590
159
733
393
516
991
244
529
164
531
663
850
250
319
689
544
106
136
740
932
653
446
599
403
512
242
182
754
537
910
213
154
928
726
96
70
37
848
882
144
349
905
180
163
229
643
453
602
557
923
237
485
264
939
498
632
604
610
660
512
214
726
790
153
407
858
242
886
340
36
69
841
584
7
580
342
396
62
599
24
397
966
883
484
91
974
435
785
842
816
357
766
261
68
720
927
686
83
741
407
483
660
161
798
544
156
695
571
436
426
561
747
371
788
767
695
567
439
515
135
138
671
770
443
286
811
989
915
490
614
160
321
658
757
319
552
611
73
98
99
937
495
274
769
274
421
376
200
488
678
251
130
554
199
118
842
863
539
803
361
657
747
32
326
81
842
666
543
776
412
364
777
294
229
416
250
764
933
781
874
988
930
657
401
580
647
11
650
272
12
270
45
943
63
776
856
509
27
455
186
285
237
756
964
170
434
765
222
781
51
938
49
780
852
386
925
690
2
820
657
542
641
372
191
889
629
698
424
845
71
757
471
180
50
301
899
284
260
386
111
447
842
477
860
603
625
505
512
507
990
787
723
876
508
997
10
845
657
974
9
606
968
874
640
853
34
925
930
402
408
596
413
357
208
671
132
791
580
154
300
780
326
954
590
232
190
292
846
40
472
535
615
885
688
453
972
339
840
422
642
917
801
600
816
716
692
606
156
414
125
964
429
582
121
97
550
884
29
412
693
612
316
382
410
425
262
586
257
229
644
730
853
480
527
430
779
367
51
500
385
267
875
646
114
570
884
289
68
627
413
736
637
357
873
674
559
297
350
729
66
777
211
440
72
49
636
719
775
640
18
211
238
94
577
5
216
808
1
126
706
151
212
34
789
179
61
693
50
525
838
7
954
654
975
972
963
814
167
467
837
205
991
820
261
602
254
820
157
691
326
303
740
105
390
306
179
975
904
802
415
575
45
540
486
814
79
901
817
181
777
234
758
605
565
713
916
482
888
745
1000
362
771
269
470
773
226
265
901
659
304
12
654
719
82
374
566
163
633
871
317
499
436
360
481
342
116
918
321
650
69
171
706
526
248
193
235
976
557
284
916
751
462
831
226
270
910
219
44
144
288
727
256
630
401
430
633
871
115
813
759
993
650
529
917
10
833
69
813
834
48
931
200
775
355
710
600
805
143
662
114
261
590
929
687
19
205
704
883
327
466
807
200
247
272
326
206
516
271
791
337
532
328
87
861
480
957
765
988
920
198
92
598
485
546
17
238
689
168
37
412
317
98
151
845
449
919
82
389
888
389
414
372
378
733
367
263
743
577
304
375
434
125
618
854
108
347
930
884
915
737
827
844
61
380
966
89
315
67
976
65
329
963
526
438
406
591
32
409
705
616
913
789
370
253
315
98
807
537
256
281
934
736
791
624
603
459
254
963
970
407
438
215
982
250
974
43
230
587
981
942
329
571
295
484
886
207
586
859
905
935
739
96
905
308
925
734
824
64
613
179
322
442
602
153
754
475
552
627
762
931
192
293
523
608
921
485
825
8
249
133
576
940
107
185
49
162
391
272
385
501
640
284
436
189
18
68
290
51
107
57
517
729
546
793
276
584
881
175
565
718
274
828
814
502
523
12
602
119
806
50
165
203
591
832
405
547
580
429
538
443
291
696
784
394
567
933
515
853
794
612
752
368
911
254
837
818
536
676
60
131
938
481
468
315
960
895
514
286
983
610
119
522
385
507
753
29
609
666
557
844
688
216
104
95
256
696
802
233
525
301
222
28
580
847
881
113
734
619
787
484
639
675
995
513
868
112
662
760
773
686
106
246
688
280
10
282
506
648
301
784
204
972
684
78
114
289
632
321
668
226
879
264
157
956
320
272
832
574
408
521
460
313
247
559
761
231
272
673
206
188
759
224
463
366
738
978
912
714
542
168
720
23
222
398
399
251
500
419
153
538
85
787
437
895
587
610
923
856
478
277
202
756
38
790
77
750
605
392
890
443
958
800
82
365
607
132
33
311
595
478
956
15
931
186
632
489
678
346
699
215
421
521
857
899
818
270
526
859
442
922
962
660
783
78
652
112
439
951
407
770
162
548
546
290
246
6
712
789
948
882
677
797
829
270
30
780
847
994
502
240
708
995
928
503
405
966
26
20
565
52
875
528
160
251
810
905
377
487
613
284
501
814
40
376
836
648
572
745
556
321
476
108
282
549
433
661
371
446
309
410
666
205
434
192
82
593
382
334
634
37
144
880
560
287
895
133
719
350
643
317
216
518
818
819
56
737
681
452
931
884
717
656
470
903
687
611
135
922
720
527
349
221
538
138
458
791
913
223
146
759
338
392
707
892
507
152
987
84
786
82
702
555
690
577
568
872
943
743
773
500
832
63
625
407
652
927
735
469
314
622
171
163
349
217
400
23
749
633
897
219
276
897
311
342
367
543
937
683
740
998
608
643
511
523
871
289
682
544
361
572
370
901
413
430
256
765
270
90
447
227
496
158
331
311
450
242
982
67
444
130
80
740
428
51
883
543
963
119
723
949
193
282
61
358
958
165
71
804
109
138
895
265
295
456
934
503
735
430
834
303
968
927
662
312
170
281
547
199
105
844
62
344
905
834
128
203
307
945
547
18
476
3
770
562
395
511
542
265
181
877
826
461
776
65
238
81
659
431
594
108
852
604
250
712
987
128
129
385
457
830
724
705
310
440
908
257
977
590
254
331
818
398
508
895
47
565
957
365
268
544
384
384
683
689
448
760
930
64
6
523
719
986
897
991
175
946
904
877
1
677
688
573
638
985
340
918
177
543
12
665
36
599
533
979
96
628
761
30
325
826
937
449
633
914
847
823
360
382
67
892
9
582
273
698
889
235
539
271
762
332
392
759
420
1000
580
138
392
549
433
672
965
94
598
764
981
109
402
534
376
966
605
412
40
794
551
810
985
554
811
494
166
298
227
249
465
814
743
611
165
886
586
474
497
884
709
971
853
512
330
661
559
612
705
801
119
465
388
514
259
554
731
828
493
473
774
972
206
429
294
489
160
489
202
300
1
823
854
668
438
857
314
247
534
993
309
129
880
766
962
10
597
96
708
401
272
35
944
45
435
227
193
740
49
539
796
886
989
226
94
511
775
461
134
382
749
852
481
43
945
54
518
990
340
559
500
173
630
174
346
516
750
416
762
363
50
775
148
180
919
114
696
997
325
905
727
300
17
523
100
715
719
523
759
296
502
843
919
20
227
129
733
280
930
945
716
820
652
114
301
243
702
392
651
654
548
216
829
476
522
33
899
42
853
973
639
759
102
329
54
277
618
28
570
508
99
568
526
490
378
202
276
462
905
559
60
642
803
946
529
634
769
352
4
834
688
298
27
282
442
158
880
538
757
275
366
776
256
630
120
130
576
394
707
559
72
3
760
434
608
427
326
218
925
970
834
50
611
155
422
220
808
755
47
492
150
686
858
991
758
194
998
421
994
861
64
371
926
174
118
769
770
846
557
893
362
723
321
103
285
949
612
576
393
222
228
763
818
268
845
947
487
261
650
61
589
179
471
585
289
727
325
355
582
484
723
165
918
417
925
546
28
453
145
212
38
951
719
443
379
568
524
234
891
534
828
758
797
836
493
251
438
582
122
124
586
432
122
773
398
426
962
118
318
447
394
716
122
265
283
341
463
24
915
278
634
341
179
576
243
606
787
782
170
977
879
465
814
601
337
295
805
981
547
877
930
347
216
962
951
667
275
616
709
871
487
266
836
149
53
119
130
920
859
0
179
335
556
88
31
803
532
635
582
832
64
568
552
865
120
534
16
150
251
226
574
571
335
970
799
257
403
199
507
931
534
559
552
493
766
106
333
649
664
579
468
734
793
150
930
180
634
279
271
57
504
760
486
294
871
892
526
453
415
544
346
509
622
816
628
244
305
885
657
432
756
757
211
43
427
538
580
180
484
633
301
111
564
770
916
986
724
899
562
398
81
814
835
40
840
960
43
576
858
894
481
311
607
242
339
624
993
558
624
215
452
971
43
107
855
315
631
212
190
508
318
472
445
549
805
73
953
129
34
558
67
597
994
89
556
812
814
542
95
452
681
860
719
484
904
944
747
971
525
403
934
665
68
728
564
955
73
220
387
951
29
50
763
666
188
936
50
83
770
464
9
19
207
98
239
683
351
714
925
682
397
9
374
366
27
172
950
712
791
876
486
544
769
732
789
814
378
64
935
765
741
599
774
510
174
643
248
983
932
599
292
272
463
301
983
372
761
413
850
603
912
114
12
979
133
470
296
529
214
341
996
765
596
8
333
500
507
682
716
858
922
242
201
382
316
980
956
616
991
655
394
663
825
976
870
153
944
666
801
822
177
693
817
713
771
248
656
400
124
391
279
544
887
137
700
237
670
753
399
461
169
46
899
340
594
489
754
609
304
409
635
750
104
924
297
139
850
225
895
748
769
20
90
786
185
736
436
780
115
967
728
61
151
58
631
466
175
909
407
904
845
803
916
786
196
414
123
110
730
13
182
951
342
135
876
220
868
351
9
546
707
926
453
328
98
848
235
122
267
618
780
864
882
551
859
774
180
324
362
725
320
365
164
880
140
821
490
135
756
652
225
82
113
900
749
191
673
625
604
612
746
992
981
956
986
978
863
33
432
528
720
173
959
235
408
569
909
978
772
323
705
947
633
423
128
514
419
910
118
959
835
321
177
76
709
944
885
168
449
496
970
923
26
503
582
386
135
933
766
738
874
316
822
324
998
583
859
667
432
87
943
649
424
351
313
357
538
151
646
655
501
721
520
95
367
88
773
719
616
236
469
87
669
274
822
585
716
3
505
99
739
415
550
182
519
49
119
801
876
64
658
97
894
54
212
381
196
4
745
179
154
805
72
273
321
587
785
74
877
563
398
159
936
397
977
295
671
359
497
710
373
156
351
249
148
682
735
719
29
597
202
870
609
488
908
780
766
73
815
995
875
509
546
460
645
823
405
798
431
693
592
883
426
367
247
432
209
13
847
816
171
683
635
363
57
911
933
939
204
171
934
661
869
625
692
59
249
267
900
208
395
794
499
379
229
687
331
370
486
299
181
492
419
698
573
930
773
500
909
853
923
232
479
438
250
326
790
14
815
653
901
982
539
543
316
426
87
799
606
224
993
17
874
837
430
597
685
746
893
979
593
828
900
892
584
471
815
389
888
82
779
273
470
192
982
807
666
931
122
164
938
445
505
450
464
415
46
793
837
813
682
737
283
37
231
145
502
23
266
668
549
667
352
366
295
825
842
76
173
217
671
868
848
103
104
910
233
440
330
734
923
993
766
42
4
634
181
992
801
271
315
842
815
114
760
82
214
319
11
75
889
67
488
142
120
331
810
547
814
826
386
880
668
285
301
328
342
706
811
691
426
94
193
44
117
853
367
646
261
96
172
778
183
277
698
894
344
526
359
864
439
977
167
830
504
451
641
227
905
676
988
320
964
641
87
0
437
573
410
462
930
323
510
219
48
543
300
893
908
206
232
386
575
680
464
924
568
139
495
749
74
104
70
846
521
469
466
632
721
750
273
336
733
546
926
782
809
141
570
244
87
138
771
390
867
552
337
664
243
61
472
137
218
158
805
547
262
359
225
556
926
212
690
178
50
847
824
296
120
589
326
794
650
982
629
931
243
196
180
103
976
942
700
670
872
986
987
378
79
526
405
226
777
6
125
790
150
774
355
148
386
568
948
543
859
909
94
464
16
207
268
87
267
564
949
753
991
194
113
93
525
476
821
620
835
712
154
506
362
553
276
925
205
102
200
790
586
601
308
953
551
990
672
888
944
771
65
793
862
534
897
762
335
124
303
670
963
306
272
339
663
54
265
463
373
748
686
673
988
145
979
778
389
512
461
227
440
398
414
445
698
569
780
866
756
670
390
692
189
433
320
22
771
457
766
482
381
276
84
325
143
367
506
831
183
841
615
630
3
158
54
893
716
259
203
731
227
674
185
901
941
139
473
703
827
954
44
806
894
827
171
634
142
759
552
108
794
60
546
270
687
757
541
798
106
284
513
710
521
187
472
506
248
384
107
542
849
458
478
427
782
470
239
518
542
886
321
628
318
112
481
625
703
620
748
393
156
844
710
318
413
662
772
919
758
894
72
611
842
874
948
500
378
551
333
883
489
482
917
410
934
330
966
743
756
956
527
708
182
914
894
726
361
461
820
983
871
261
47
591
519
472
979
127
997
398
680
476
993
392
352
383
139
38
420
552
674
711
279
490
489
335
267
747
839
488
454
67
769
8
749
893
798
20
598
497
894
714
541
264
620
219
765
911
612
21
978
504
414
623
498
183
670
697
466
624
670
804
305
510
420
38
646
611
869
628
336
516
809
364
408
744
531
669
581
683
870
797
362
466
399
436
580
583
361
824
799
89
245
875
984
482
10
585
27
67
826
992
959
143
246
979
674
272
204
6
928
689
63
511
925
847
15
432
656
196
346
212
279
667
195
703
972
431
84
307
707
238
996
276
920
306
583
713
176
1000
539
133
101
726
196
509
490
586
36
795
176
110
515
680
571
643
826
172
792
730
557
826
158
494
903
490
704
884
602
918
483
311
65
475
449
941
361
543
868
223
49
43
41
428
447
560
878
973
54
647
299
391
51
968
584
452
167
76
642
599
578
914
465
690
341
879
114
13
54
31
863
324
354
661
295
799
232
13
599
214
652
422
582
22
826
397
376
913
572
716
292
379
315
989
465
911
388
671
962
740
790
55
814
748
504
505
719
477
817
346
76
932
813
709
612
607
793
203
9
10
982
48
992
30
653
995
395
981
525
41
483
219
608
791
539
238
432
570
361
657
855
283
161
934
763
781
339
448
709
957
989
731
815
206
240
987
829
640
249
125
927
681
552
874
471
86
447
782
40
77
500
89
162
878
274
118
597
304
916
218
688
366
913
832
134
543
199
828
264
482
797
474
486
65
310
966
549
265
378
432
58
883
685
220
137
550
56
997
324
114
877
569
862
674
731
323
542
199
825
957
11
373
310
924
663
510
703
711
186
848
96
965
923
310
754
633
382
627
202
689
405
3
708
429
583
646
895
168
316
398
376
612
880
655
610
161
410
147
840
45
817
370
839
386
266
67
496
536
974
249
625
110
328
731
549
966
572
306
279
356
354
55
805
215
786
653
845
641
327
79
321
117
511
436
793
924
783
814
766
772
833
589
776
312
967
53
494
825
172
319
205
717
632
715
735
943
727
802
660
162
697
113
437
757
186
713
146
275
732
237
339
187
226
772
354
727
91
132
132
238
316
807
507
739
131
466
577
947
797
169
597
766
230
56
95
119
921
113
818
502
572
133
208
18
391
322
230
248
873
428
507
433
184
152
39
262
208
352
92
872
597
229
591
773
849
68
409
251
367
857
399
408
130
497
623
431
585
645
548
654
515
895
392
412
381
902
328
120
81
639
546
243
699
434
779
975
997
467
816
319
131
299
289
606
412
549
5
568
863
245
348
594
599
327
459
105
813
58
901
904
746
42
299
520
148
834
133
765
613
163
892
728
85
303
213
430
458
301
304
40
553
863
306
20
811
584
464
131
533
538
160
174
857
454
377
841
15
522
714
113
553
236
628
887
362
149
539
243
711
958
10
545
799
828
995
126
502
701
779
663
945
405
481
208
737
463
880
738
953
60
580
107
116
109
164
581
927
711
160
167
923
569
711
21
224
532
727
296
485
908
447
998
515
867
338
209
270
574
740
220
490
928
66
500
484
41
790
807
332
945
672
93
764
492
821
407
472
771
441
392
894
976
788
219
764
730
32
756
535
125
462
759
264
532
833
728
800
700
347
910
329
352
234
591
27
760
967
254
612
116
641
895
4
177
257
219
337
100
366
101
981
414
763
221
845
547
222
315
869
659
399
673
409
607
983
489
210
962
749
48
843
735
714
291
34
710
281
942
851
372
807
14
13
687
290
81
623
701
123
664
165
86
327
653
77
738
708
571
133
408
703
684
571
648
140
315
606
72
593
865
365
745
244
628
143
673
7
190
731
444
816
124
741
808
288
351
286
312
337
885
5
556
270
669
861
857
825
711
640
389
511
538
54
84
710
423
283
220
809
592
493
177
329
470
930
188
567
720
153
878
127
572
890
60
140
460
754
46
95
55
209
999
944
73
747
153
636
1000
150
588
944
426
869
210
964
960
351
854
607
438
590
230
524
484
195
392
751
123
151
779
213
589
785
752
140
358
588
985
58
226
113
187
851
366
829
761
364
983
866
695
739
328
848
449
703
384
732
27
685
277
871
444
922
263
517
621
763
337
814
938
700
397
303
109
611
73
3
918
677
371
142
160
319
957
571
246
973
577
612
885
149
580
84
437
456
315
525
211
725
78
803
646
102
457
633
154
663
614
655
517
956
155
675
729
527
652
785
536
506
16
196
145
15
874
709
762
896
578
198
419
167
36
260
705
416
769
690
86
933
99
458
820
694
636
124
607
733
537
983
850
102
990
112
615
407
0
835
534
149
421
395
293
291
262
267
713
999
677
813
412
881
344
160
738
888
552
343
933
858
300
357
529
776
215
98
199
714
557
835
818
227
696
81
634
16
494
288
357
13
512
452
917
852
769
40
126
372
11
929
407
879
660
901
786
879
928
567
985
709
82
230
58
853
703
26
295
966
8
419
963
578
383
556
910
83
855
851
496
30
754
237
729
294
671
810
953
469
687
600
482
518
204
409
259
543
589
275
822
701
99
534
121
456
497
606
39
182
993
29
949
172
649
451
66
957
195
332
454
800
346
603
154
836
652
529
859
496
445
703
508
956
672
99
325
48
681
259
479
631
55
561
850
956
60
989
281
465
22
29
421
151
201
412
303
64
651
718
21
785
97
69
177
817
264
423
357
290
996
153
685
457
388
410
553
527
825
152
84
675
2
604
555
145
481
430
337
734
642
214
254
94
740
273
186
258
481
273
524
447
758
495
672
406
955
885
812
678
449
883
512
307
768
894
886
625
43
12
442
184
978
569
821
528
996
630
881
617
561
576
428
50
824
530
211
584
85
82
26
420
986
61
564
862
364
382
275
731
814
116
598
588
877
134
93
875
703
176
320
276
884
266
474
949
840
772
39
192
202
958
452
86
43
837
162
850
872
853
390
44
188
655
411
428
260
251
48
302
303
46
995
146
723
733
178
365
407
182
224
972
945
549
639
788
924
491
706
866
678
565
803
286
177
657
490
996
141
141
148
575
710
826
108
192
720
677
238
413
266
715
560
20
150
667
480
204
648
690
550
990
781
532
2
313
160
380
466
84
30
713
110
505
753
883
416
342
766
625
87
911
893
402
177
391
518
504
320
309
515
447
736
550
516
194
684
807
935
793
581
792
155
767
440
436
539
430
694
206
157
275
979
210
467
371
943
382
127
176
616
108
709
956
777
286
896
685
399
724
619
286
435
15
92
173
826
347
380
547
519
655
695
670
736
162
878
868
258
450
615
849
594
932
443
669
113
782
219
125
21
322
38
977
816
961
907
299
888
614
501
358
264
858
573
129
338
603
897
227
387
141
647
162
378
165
708
364
362
613
806
207
734
998
541
49
568
661
56
442
913
103
855
970
328
164
557
812
807
571
776
113
689
812
750
866
947
782
468
427
311
699
514
77
878
584
648
507
175
628
478
51
13
346
215
222
300
668
484
576
249
490
539
147
985
984
142
218
776
10
499
286
967
726
611
803
795
432
471
587
818
218
231
464
765
823
739
395
194
418
947
348
59
549
89
667
528
747
755
887
854
14
884
104
886
365
303
635
365
217
654
60
211
264
37
130
723
50
537
638
228
51
291
180
958
434
324
906
45
583
626
304
835
451
80
129
894
601
887
467
130
641
60
157
841
542
763
241
506
650
267
769
758
798
99
460
157
997
504
788
646
48
810
666
734
269
10
476
650
211
77
924
782
519
859
847
887
251
681
468
348
53
42
998
118
194
550
744
387
960
657
160
947
2
256
291
638
4
569
694
832
547
574
790
61
111
652
532
764
441
682
273
548
848
980
291
353
478
611
983
831
755
900
674
267
134
777
114
475
696
478
140
951
353
966
647
811
55
345
455
891
153
267
843
804
325
459
482
223
642
857
845
453
24
776
373
458
731
690
219
142
362
948
498
921
758
137
21
12
906
290
509
645
206
10
452
927
257
580
688
728
559
282
924
606
150
66
769
496
530
771
943
311
513
446
847
315
70
920
670
94
22
188
806
60
358
405
953
122
760
76
292
476
520
338
248
835
878
591
648
153
125
900
992
58
426
793
130
464
872
68
642
629
348
597
386
974
707
779
46
640
828
721
480
744
394
40
646
438
944
893
517
195
398
654
967
344
448
113
789
961
68
333
906
309
703
701
886
11
805
153
383
276
533
906
736
133
447
63
45
630
229
662
175
715
160
150
906
559
947
901
399
345
97
363
324
19
396
720
770
706
398
918
25
754
563
178
647
76
938
607
898
904
679
457
181
83
432
431
241
110
804
818
346
420
725
389
417
265
118
418
295
21
48
913
360
437
153
640
729
805
222
39
120
660
206
984
186
800
29
574
298
181
365
624
178
965
732
120
699
538
614
78
149
758
932
436
525
186
762
33
439
368
418
67
498
555
933
26
192
635
176
675
558
364
651
162
31
559
134
749
443
707
551
716
861
420
609
253
722
644
227
769
329
325
803
573
96
824
327
1000
237
657
562
35
351
152
52
519
528
927
678
343
3
512
902
943
730
821
717
490
591
202
410
667
85
597
140
34
639
580
16
788
873
187
215
570
732
446
676
450
150
11
894
251
576
360
480
810
116
31
430
576
882
483
432
666
378
20
409
124
852
236
55
267
462
202
579
685
394
901
837
276
439
424
522
402
360
93
940
725
421
94
993
832
156
605
278
468
456
345
820
68
127
389
517
17
7
399
672
266
987
737
88
42
287
80
318
776
643
724
866
185
222
273
649
358
5
520
278
689
953
430
208
166
895
470
917
599
135
253
458
194
283
519
127
841
92
62
215
96
36
81
58
134
666
63
541
358
779
950
237
1000
663
257
656
55
969
11
497
331
298
564
131
801
582
917
753
415
112
970
891
466
48
868
879
35
664
937
569
770
936
182
84
810
676
545
607
301
623
336
215
730
930
321
2
52
102
890
450
797
983
1000
764
431
91
597
172
428
837
841
293
687
442
998
67
284
74
231
555
175
984
882
105
865
615
87
701
996
42
702
431
615
406
201
433
487
408
403
796
829
347
948
823
272
528
939
999
207
907
962
118
880
499
109
405
975
639
809
260
575
927
11
995
626
55
160
679
840
919
414
96
688
176
98
992
736
989
93
650
880
217
413
929
781
623
269
977
979
374
678
973
729
593
748
258
103
997
983
803
85
808
705
598
29
968
703
852
346
84
440
114
172
959
827
486
512
819
371
721
594
943
790
216
759
148
487
366
483
628
67
401
643
768
762
406
957
115
164
783
898
765
756
178
842
975
283
964
193
892
660
125
394
267
753
90
832
777
761
198
275
493
891
81
428
615
770
726
31
389
788
707
486
949
784
698
174
119
618
266
688
668
977
813
552
575
341
822
688
608
300
766
80
665
789
200
940
808
693
76
835
720
683
990
137
971
140
223
120
700
632
172
638
434
518
119
32
218
931
898
137
370
442
979
808
101
678
146
940
24
494
320
985
123
680
646
58
906
592
709
752
18
111
246
934
601
671
669
567
110
719
305
645
175
974
697
961
905
514
382
649
858
736
371
86
227
11
394
402
811
895
9
996
623
872
175
686
526
199
333
401
356
141
459
214
460
401
490
190
779
405
92
954
309
666
315
272
566
616
128
684
767
714
474
278
97
940
759
268
801
94
81
839
49
465
35
446
710
401
857
397
442
460
726
720
559
564
220
563
619
91
316
527
723
780
133
446
30
911
329
888
817
656
533
609
296
124
139
963
540
387
151
860
366
779
249
74
559
889
664
230
429
836
68
390
386
981
835
449
119
369
29
504
525
635
151
880
389
137
645
95
429
513
936
144
980
697
456
455
117
481
569
112
682
214
82
993
256
858
169
202
657
644
847
936
553
106
992
475
526
488
957
22
13
133
287
716
669
992
357
730
219
125
973
33
193
902
861
727
888
103
923
654
804
673
583
819
775
396
888
437
386
476
834
922
546
936
132
831
192
330
531
160
994
270
306
206
169
6
633
157
609
245
666
259
311
372
998
52
827
925
527
350
416
620
711
215
460
522
388
171
184
963
540
533
973
949
649
933
725
734
320
328
867
220
542
908
894
109
967
383
264
754
159
77
520
417
67
726
921
576
523
775
248
879
176
303
841
538
995
879
815
307
983
395
391
168
926
778
317
43
502
954
184
96
388
228
850
675
733
189
872
515
555
740
851
443
239
762
773
804
533
421
935
410
690
554
65
174
692
874
462
575
750
285
349
285
746
777
769
312
343
372
166
628
138
523
45
535
227
245
614
880
791
755
997
519
495
287
659
133
403
176
174
350
643
707
535
617
356
253
146
641
64
341
718
957
211
574
906
217
570
563
966
29
771
52
292
569
460
631
605
185
801
256
490
332
37
288
521
584
781
648
1000
920
523
477
465
864
680
938
197
132
550
358
367
374
233
821
499
682
698
986
175
371
971
679
184
990
680
846
702
589
782
311
647
128
837
689
251
480
94
40
939
118
729
274
103
244
667
639
187
751
919
248
548
288
840
927
645
357
81
80
632
726
239
502
324
421
998
165
997
391
509
199
366
411
338
610
768
805
218
982
200
519
422
447
1
82
355
108
239
455
414
193
442
967
909
174
782
275
505
158
753
316
852
295
886
898
867
19
172
964
486
329
997
927
681
792
605
303
196
765
611
54
631
419
996
592
913
20
358
988
480
295
940
131
736
56
954
784
459
928
80
637
294
770
410
891
228
498
721
266
317
80
698
912
982
716
940
210
265
829
837
993
129
437
806
723
791
881
114
822
760
157
232
408
704
809
703
393
555
851
534
562
429
521
120
711
111
274
337
604
677
757
830
3
330
704
363
322
40
135
545
693
535
392
435
563
286
39
987
208
949
120
944
206
689
961
699
142
91
859
625
115
758
266
808
635
682
400
113
824
128
434
642
65
468
336
897
286
424
68
399
206
745
501
471
557
921
30
210
247
621
163
354
835
44
171
393
965
357
353
642
80
122
234
349
507
588
665
10
23
735
265
748
990
586
139
320
531
721
577
51
901
810
122
557
267
433
919
90
84
502
584
802
176
798
638
576
633
936
852
643
389
957
721
859
500
658
543
539
15
317
767
849
233
843
172
331
533
389
576
206
601
611
950
472
583
172
377
837
760
687
921
425
627
937
517
770
854
576
679
62
405
815
733
890
304
760
169
439
262
324
439
541
503
530
687
768
936
563
432
970
914
268
698
937
891
180
340
725
39
1000
673
127
234
850
256
957
251
620
641
53
191
1
873
911
917
123
622
959
731
767
651
636
343
458
617
76
128
668
253
215
375
356
21
447
344
522
263
504
903
622
711
288
581
260
252
371
773
547
488
532
604
869
728
770
427
182
662
686
565
658
996
647
956
201
112
507
95
292
601
549
728
872
306
515
147
57
165
738
31
95
166
526
278
751
803
914
386
223
851
908
773
823
603
710
503
70
652
61
502
492
731
788
376
492
533
621
978
168
147
213
989
901
484
121
578
280
621
475
691
250
193
939
808
245
228
262
239
809
809
596
773
610
953
411
388
392
581
185
428
260
388
502
453
742
702
471
819
5
989
677
344
178
663
337
172
307
205
992
667
498
689
271
467
638
199
417
592
618
469
908
413
571
149
248
105
740
761
735
982
493
574
252
319
259
687
674
44
915
446
607
449
687
327
808
213
597
695
454
867
884
17
236
494
598
407
683
104
99
542
56
269
579
256
261
295
202
525
233
355
444
658
708
537
232
865
26
884
33
233
796
56
769
451
991
265
4
943
179
224
686
346
440
456
106
471
847
160
859
342
215
174
413
629
606
189
132
868
847
83
989
52
897
797
973
590
486
699
211
519
272
715
976
70
491
32
688
373
160
955
512
282
322
502
570
809
282
220
162
885
995
558
70
260
769
853
201
642
860
827
850
250
466
273
318
281
514
14
647
817
77
453
196
912
880
519
898
951
471
224
61
840
207
855
309
491
344
842
825
374
178
78
282
959
919
540
966
430
958
930
852
824
75
11
704
201
879
622
922
122
331
267
262
591
865
220
810
912
554
295
948
997
137
2
833
505
482
475
152
342
437
102
370
426
800
146
559
190
97
517
283
843
374
880
406
691
363
823
242
56
458
700
630
779
490
985
842
327
799
897
474
401
225
797
549
135
560
523
965
92
486
897
360
549
329
903
934
184
543
689
621
942
859
134
715
518
62
145
727
657
217
571
758
211
202
629
752
45
337
960
917
936
202
37
826
256
412
243
975
810
371
817
860
624
89
918
887
49
937
682
843
38
182
922
769
480
569
945
262
466
539
145
653
803
814
936
851
606
395
275
591
219
943
463
445
915
967
606
389
352
753
136
849
355
517
506
82
801
647
864
386
493
649
456
378
712
764
135
876
353
610
54
793
287
802
157
257
145
312
326
349
48
890
361
137
520
577
179
617
140
413
60
38
545
459
331
177
936
171
34
19
658
512
729
42
16
637
179
684
763
123
449
411
858
767
993
648
969
984
128
912
48
767
351
904
667
729
661
858
186
633
822
215
816
812
63
321
768
209
61
483
126
564
561
66
876
256
66
486
714
836
0
8
983
360
973
205
208
525
728
878
164
429
313
277
716
451
147
90
346
63
275
938
677
74
532
690
756
189
391
295
352
101
987
582
907
903
16
238
699
789
618
832
826
531
865
900
41
751
263
544
471
746
59
587
9
548
865
695
337
79
390
785
726
14
177
47
335
114
268
759
365
968
647
628
424
534
249
539
180
489
739
107
427
830
47
91
439
205
654
17
142
631
517
26
635
580
720
779
882
422
125
462
82
902
448
829
84
941
388
492
701
279
469
886
768
783
958
736
982
81
287
209
167
208
986
418
84
419
122
24
178
39
470
15
933
565
780
421
421
106
274
374
189
966
572
735
574
499
83
262
410
607
115
252
970
118
44
748
342
177
865
548
851
747
5
296
949
294
833
757
263
713
118
186
866
713
295
999
379
97
127
371
192
164
827
712
621
864
133
965
259
596
910
580
213
4
471
154
855
282
262
62
277
243
839
302
241
479
34
972
516
74
214
145
415
608
43
318
806
438
319
415
839
370
981
920
231
215
141
587
552
896
27
928
340
422
103
193
522
771
369
943
18
327
52
219
694
118
876
961
742
458
525
561
343
528
934
419
867
755
939
226
574
2
556
641
733
631
674
328
550
202
648
915
504
221
584
493
452
627
838
810
790
826
757
608
713
708
254
933
881
176
614
972
445
472
521
77
422
393
39
739
45
94
498
287
525
266
667
235
122
517
863
689
388
486
999
334
806
185
37
356
941
659
669
614
175
280
434
10
450
559
346
111
981
994
955
711
856
761
846
946
183
952
742
972
620
222
241
519
672
232
379
103
561
448
717
566
789
78
875
158
694
903
26
203
255
90
203
526
925
288
986
450
781
62
351
534
474
560
446
97
981
167
114
459
302
722
26
83
208
924
969
354
230
506
671
548
252
676
667
28
956
612
468
970
444
918
951
353
715
272
837
830
143
262
962
783
70
349
321
686
606
448
744
923
403
239
396
345
926
87
956
301
330
221
645
542
595
835
316
738
464
356
79
623
13
411
635
24
121
785
207
61
480
948
615
760
540
540
354
67
38
151
249
803
495
564
692
772
769
440
149
102
175
937
925
98
155
685
695
269
917
711
257
717
329
18
893
891
661
27
328
41
731
346
625
565
280
383
256
343
735
221
939
420
843
20
883
371
260
762
672
394
543
441
31
78
759
923
252
760
465
74
521
308
975
900
586
465
815
401
917
895
934
137
581
479
279
174
998
626
661
555
586
563
234
729
355
59
886
466
363
62
726
73
67
193
213
199
705
677
441
475
170
186
409
843
934
262
91
421
630
363
284
923
532
828
977
816
799
372
293
963
605
805
995
762
228
376
783
924
263
347
52
659
173
439
885
61
340
302
635
653
879
576
111
760
563
939
858
606
89
34
548
208
338
697
975
345
406
830
33
477
403
697
964
196
659
37
278
708
791
268
388
16
243
261
340
919
927
817
69
660
321
643
24
426
747
450
695
709
418
161
11
959
613
460
956
652
570
100
113
855
121
521
536
491
929
31
594
532
561
922
752
220
775
279
942
461
389
25
805
865
758
551
573
458
25
502
713
828
292
559
63
116
713
476
84
959
301
81
986
666
460
626
679
129
156
157
476
514
113
569
2
32
885
797
477
656
665
339
558
39
428
789
612
134
495
280
988
915
346
72
14
563
774
564
956
645
103
89
667
900
308
352
183
878
428
537
197
726
606
115
638
343
303
495
547
924
618
810
532
956
170
91
360
350
201
728
582
523
234
15
651
361
129
278
548
652
437
873
262
613
326
193
979
622
375
159
979
544
664
53
365
810
880
170
541
270
592
823
734
857
247
411
155
793
585
329
330
161
972
295
40
601
983
686
162
335
128
644
773
239
374
640
122
385
890
311
480
685
154
63
11
398
835
344
267
107
452
358
973
582
455
545
734
939
559
866
346
204
21
615
432
184
102
381
894
184
213
461
346
462
771
593
965
860
334
225
979
186
872
520
687
308
228
145
627
404
330
719
713
800
575
152
81
227
469
913
225
951
715
973
384
272
289
598
503
106
516
66
337
575
196
991
972
700
549
414
209
899
209
796
220
206
558
126
182
765
301
8
803
719
276
767
816
472
11
690
462
640
84
522
63
444
850
811
267
808
695
807
999
270
451
347
266
308
829
260
532
411
992
683
453
173
104
606
597
989
503
796
47
95
366
983
231
487
936
622
890
286
691
288
456
373
874
22
493
43
257
525
797
403
147
882
374
418
916
413
506
185
914
968
931
683
137
952
369
528
435
31
552
430
936
701
504
259
30
820
923
301
661
882
591
564
94
738
58
309
583
857
808
852
343
814
792
76
504
884
967
492
998
433
427
416
749
811
509
972
743
680
971
971
208
144
113
834
584
831
752
834
856
287
884
208
318
926
69
591
371
465
640
755
33
206
469
823
342
923
193
512
919
602
914
102
462
1000
803
471
92
722
244
2
526
616
214
15
420
396
109
659
724
564
977
898
575
378
557
52
828
73
626
859
558
538
359
584
690
319
570
773
645
716
697
704
108
904
169
46
628
994
598
367
931
592
704
411
61
494
145
370
79
223
871
448
887
614
629
965
20
608
355
215
251
834
434
421
181
868
410
875
87
993
907
603
545
80
950
421
370
160
67
344
317
376
430
69
746
604
782
144
547
315
458
474
413
830
374
255
913
819
963
156
835
153
738
728
661
481
499
836
890
495
135
608
80
384
541
124
449
871
79
676
155
798
750
366
294
830
499
669
304
182
278
262
886
594
843
586
174
873
204
535
416
400
245
587
681
907
373
297
18
558
615
284
470
807
729
606
701
114
423
193
651
65
879
21
61
991
677
212
477
353
432
438
217
695
902
285
411
241
575
178
828
25
103
740
242
457
511
351
197
231
201
310
233
522
594
430
168
493
940
735
139
213
926
668
129
780
998
828
769
131
36
690
314
644
53
275
318
576
93
384
169
804
137
741
392
746
23
173
496
46
757
732
398
62
200
247
529
395
588
630
68
960
69
658
411
590
511
982
